Vertices of my letter 
 ( -3 , 7 , 1 , 1 ) 
 ( -3 , -7 , 1 , 1 ) 
 ( -2 , -7 , 1 , 1 ) 
 ( 1 , -7 , 1 , 1 ) 
 ( 3 , -7 , 1 , 1 ) 
 ( 1 , -6 , 1 , 1 ) 
 ( 3 , -6 , 1 , 1 ) 
 ( -2 , -2 , 1 , 1 ) 
 ( -1 , -1 , 1 , 1 ) 
 ( 1 , -1 , 1 , 1 ) 
 ( -1 , 0 , 1 , 1 ) 
 ( 1 , 0 , 1 , 1 ) 
 ( 3 , 0 , 1 , 1 ) 
 ( -1 , 6 , 1 , 1 ) 
 ( 1 , 6 , 1 , 1 ) 
 ( 3 , 6 , 1 , 1 ) 
 ( 1 , 7 , 1 , 1 ) 
 ( -3 , 7 , -1 , 1 ) 
 ( -3 , -7 , -1 , 1 ) 
 ( -2 , -7 , -1 , 1 ) 
 ( 1 , -7 , -1 , 1 ) 
 ( 3 , -7 , -1 , 1 ) 
 ( 1 , -6 , -1 , 1 ) 
 ( 3 , -6 , -1 , 1 ) 
 ( -2 , -2 , -1 , 1 ) 
 ( -1 , -1 , -1 , 1 ) 
 ( 1 , -1 , -1 , 1 ) 
 ( -1 , 0 , -1 , 1 ) 
 ( 1 , 0 , -1 , 1 ) 
 ( 3 , 0 , -1 , 1 ) 
 ( -1 , 6 , -1 , 1 ) 
 ( 1 , 6 , -1 , 1 ) 
 ( 3 , 6 , -1 , 1 ) 
 ( 1 , 7 , -1 , 1 ) 
 ---------- 
Rotation Matrix
 ( 0.9713399 , -0.1327114 , 0.1971966 , 0 ) 
 ( 0.1971966 , 0.9131241 , -0.3568164 , 0 ) 
 ( -0.1327114 , 0.3854765 , 0.9131241 , 0 ) 
 ( 0 , 0 , 0 , 1 ) 
 ----------- 
Verts after rotation 
 ( -3.645802 , 5.443462 , 4.009593 , 1 ) 
 ( -1.787843 , -7.340275 , -1.387077 , 1 ) 
 ( -0.8165036 , -7.143078 , -1.519789 , 1 ) 
 ( 2.097516 , -6.551488 , -1.917923 , 1 ) 
 ( 4.040196 , -6.157095 , -2.183345 , 1 ) 
 ( 1.964805 , -5.638364 , -1.532446 , 1 ) 
 ( 3.907485 , -5.243971 , -1.797869 , 1 ) 
 ( -1.48006 , -2.577458 , 0.4075939 , 1 ) 
 ( -0.6414319 , -1.467137 , 0.660359 , 1 ) 
 ( 1.301248 , -1.072744 , 0.3949363 , 1 ) 
 ( -0.7741433 , -0.554013 , 1.045835 , 1 ) 
 ( 1.168536 , -0.1596198 , 0.7804127 , 1 ) 
 ( 3.111216 , 0.2347734 , 0.51499 , 1 ) 
 ( -1.570411 , 4.924732 , 3.358694 , 1 ) 
 ( 0.3722683 , 5.319125 , 3.093271 , 1 ) 
 ( 2.314948 , 5.713518 , 2.827849 , 1 ) 
 ( 0.2395569 , 6.232249 , 3.478748 , 1 ) 
 ( -4.040196 , 6.157095 , 2.183345 , 1 ) 
 ( -2.182237 , -6.626642 , -3.213325 , 1 ) 
 ( -1.210897 , -6.429445 , -3.346037 , 1 ) 
 ( 1.703123 , -5.837856 , -3.744171 , 1 ) 
 ( 3.645802 , -5.443462 , -4.009593 , 1 ) 
 ( 1.570411 , -4.924732 , -3.358694 , 1 ) 
 ( 3.513091 , -4.530338 , -3.624117 , 1 ) 
 ( -1.874454 , -1.863825 , -1.418654 , 1 ) 
 ( -1.035825 , -0.7535043 , -1.165889 , 1 ) 
 ( 0.9068546 , -0.3591111 , -1.431312 , 1 ) 
 ( -1.168536 , 0.1596198 , -0.7804127 , 1 ) 
 ( 0.7741433 , 0.554013 , -1.045835 , 1 ) 
 ( 2.716823 , 0.9484061 , -1.311258 , 1 ) 
 ( -1.964805 , 5.638364 , 1.532446 , 1 ) 
 ( -0.0221249 , 6.032757 , 1.267023 , 1 ) 
 ( 1.920555 , 6.427151 , 1.001601 , 1 ) 
 ( -0.1548363 , 6.945881 , 1.6525 , 1 ) 
 --------------- 
Scale Matrix 
 ( 9 , 0 , 0 , 0 ) 
 ( 0 , 1 , 0 , 0 ) 
 ( 0 , 0 , 4 , 0 ) 
 ( 0 , 0 , 0 , 1 ) 
 --------------- 
 After Scale and Rotation 
 ( -32.81222 , 5.443462 , 16.03837 , 1 ) 
 ( -16.09059 , -7.340275 , -5.548308 , 1 ) 
 ( -7.348533 , -7.143078 , -6.079154 , 1 ) 
 ( 18.87764 , -6.551488 , -7.67169 , 1 ) 
 ( 36.36176 , -6.157095 , -8.733381 , 1 ) 
 ( 17.68324 , -5.638364 , -6.129785 , 1 ) 
 ( 35.16736 , -5.243971 , -7.191475 , 1 ) 
 ( -13.32054 , -2.577458 , 1.630376 , 1 ) 
 ( -5.772887 , -1.467137 , 2.641436 , 1 ) 
 ( 11.71123 , -1.072744 , 1.579745 , 1 ) 
 ( -6.967289 , -0.554013 , 4.183342 , 1 ) 
 ( 10.51683 , -0.1596198 , 3.121651 , 1 ) 
 ( 28.00095 , 0.2347734 , 2.05996 , 1 ) 
 ( -14.1337 , 4.924732 , 13.43478 , 1 ) 
 ( 3.350414 , 5.319125 , 12.37309 , 1 ) 
 ( 20.83453 , 5.713518 , 11.3114 , 1 ) 
 ( 2.156012 , 6.232249 , 13.91499 , 1 ) 
 ( -36.36176 , 6.157095 , 8.733381 , 1 ) 
 ( -19.64013 , -6.626642 , -12.8533 , 1 ) 
 ( -10.89807 , -6.429445 , -13.38415 , 1 ) 
 ( 15.32811 , -5.837856 , -14.97668 , 1 ) 
 ( 32.81222 , -5.443462 , -16.03837 , 1 ) 
 ( 14.1337 , -4.924732 , -13.43478 , 1 ) 
 ( 31.61782 , -4.530338 , -14.49647 , 1 ) 
 ( -16.87008 , -1.863825 , -5.674617 , 1 ) 
 ( -9.322426 , -0.7535043 , -4.663557 , 1 ) 
 ( 8.161692 , -0.3591111 , -5.725248 , 1 ) 
 ( -10.51683 , 0.1596198 , -3.121651 , 1 ) 
 ( 6.967289 , 0.554013 , -4.183342 , 1 ) 
 ( 24.45141 , 0.9484061 , -5.245033 , 1 ) 
 ( -17.68324 , 5.638364 , 6.129785 , 1 ) 
 ( -0.1991241 , 6.032757 , 5.068093 , 1 ) 
 ( 17.28499 , 6.427151 , 4.006402 , 1 ) 
 ( -1.393526 , 6.945881 , 6.609999 , 1 ) 
 ----------------- 
 Viewing Matrix 
 ( -0.7524537 , 0.6439103 , -0.1385392 , 11 ) 
 ( 0.6454535 , 0.7627733 , 0.03958263 , 7 ) 
 ( 0.1311616 , -0.0596365 , -0.9895656 , 54 ) 
 ( 0 , 0 , 0 , 1 ) 
 --------------- 
 Projection 
 ( 1 , 0 , 0 , 0 ) 
 ( 0 , 1 , 0 , 0 ) 
 ( 0 , 0 , -1.002002 , -2.002002 ) 
 ( 0 , 0 , -1 , 0 ) 
 ------------ 
